408 88888888 cnocnsnnn'cu‘s.

Leuctra. 446, 18. Peloponnesus. 1, 290, 48.
Lycium. 446, 84 446, 446 84 844 44 446,
4 11, 44, 8. 64, 88.
Lycia. 1, 474, 89. 111, 68, 7. 800, 7. 408,
800, 88. 84. 446,80. 474,87.
lydia. 1, 262, 12 876, - 444,89. 446,4. 470,
. 86. 478, 7. ι8. 478,4. 490, 44.
54⁰» 1³· 54⁶‚2381 ι4·
M 466, 44. 604, 80. 604,
8.111,6ο,44. 844, 48.
8148840888. 1,.440, 886,4.
48 440, 46. 478, 84. Phaselis. 1, 444, 9. 11,
Mantinea. 440, 8 464, 4.
Marathon. 444, 8. 404, Phocis. 344, 6.
44 11 ,.894,88. 460, 8188801014. 474, 84. 474,
, 88. 11, 480, 448844.
11411114. 68, 48. 480 ,9.111,846,44.
, Μ8188,18818814. 111, 488, 848, 84.
Phrygia. 8, 476, 86.
’ Meffenn. 1, 400, 44. 11, Piraeus. 896, 84. 111,844,
40 44. 44 44 46 44 4. 868, 4. 448, 4.
. 4ο,89. 46,8. 40,8 446, 44. 464, 20.- 464,
10188 472 4· 846 ¹3·
46. 604, 88. Platea. 11, 48, ¹.⁴·
Myfinscanfpns. 1, 464, Pontus. 446, 4. 111,n78,
ιο. 48888. 890, 8-4. 894,
N 88884. 894,6. 404,
84. 406,4. 408 ,44.
Ν408408888.11,488,

1111188. 494, 8. 4ο4,14.
’ o

88808808. 1,476 , 14.

08888884.11,,76 84111,
150, 40 88844,8 846, 84848888, 8881814 mens
488844. 8707. AEgei‚ vicina Athenis. .
0804888. 48, 80. 1,4,04 44. ³
Salamin, in Cypro 18818811.
Ρ 11, 480, 88. 486, 86.
· 84888888.1,,476 84. .
mansula. 111 ‚128421 seriphus. 111 ,,478 ,1413 1
Sic 84

 

